24 26 32 61 61 61 61 61 61 61 61 61 61 61 36 61 34 61 61 61 61 61 61 61 61 61 61 61 61 61 62 66
25 25 24 26 24 27 24 38 25 24 26 24 27 24 38 25 38 26 25 27 25 24 25 25 38 24 27 24 25 25 67 66
25 25 24 24 24 24 24 38 25 24 24 25 25 19 38 4 38 19 25 25 24 24 26 25 38 24 24 24 25 24 67 66
41 42 41 41 41 41 41 39 41 41 41 41 42 21 39 42 39 21 41 42 41 42 41 41 39 41 41 42 42 41 67 66
0 0 0 0 0 0 0 0 0 0 0 0 0 0 0 0 0 0 0 0 0 0 0 0 0 0 0 0 0 0 34 36
0 0 0 0 0 0 0 0 0 45 0 0 0 0 0 0 0 0 0 0 0 0 0 0 0 0 0 0 0 0 30 25
0 0 0 0 0 40 0 0 0 0 0 0 0 0 0 0 0 0 0 0 0 45 0 0 0 0 0 0 0 0 30 25
0 0 0 0 0 0 0 0 0 0 0 0 0 0 0 0 0 0 0 0 0 0 0 0 0 0 0 0 0 0 42 42
0 0 0 0 0 0 0 0 0 0 0 0 0 0 0 0 0 40 0 0 0 0 0 0 0 0 0 0 0 0 0 0
0 0 0 0 0 0 0 0 0 0 0 0 0 0 0 0 0 0 0 0 0 0 0 0 0 0 0 0 0 0 0 0
0 0 0 0 0 0 0 0 0 0 0 0 0 0 0 0 0 0 0 0 0 0 0 0 0 0 0 0 0 0 0 0
0 0 0 0 0 0 0 0 0 0 0 0 0 0 0 0 0 0 0 0 0 0 40 0 0 0 0 0 0 0 33 35
0 0 0 0 0 0 0 0 0 0 0 0 0 0 0 0 0 0 0 0 0 0 0 0 0 0 0 0 0 0 67 66
0 0 45 0 0 0 0 0 0 0 0 0 0 0 0 0 0 0 0 0 0 0 0 0 0 0 0 0 0 0 67 66
0 0 0 0 0 0 0 0 0 0 0 0 0 0 0 0 0 0 0 0 0 0 0 0 0 0 0 0 0 0 67 66
64 64 64 64 64 64 64 64 64 64 64 64 64 64 64 64 64 64 64 64 64 64 64 64 64 64 64 64 64 64 65 66
61 61 61 37 61 61 61 61 37 61 61 61 61 37 61 61 61 61 37 61 61 61 61 37 61 61 61 61 37 61 61 36
24 24 25 25 25 25 25 25 24 25 24 24 24 25 24 25 24 25 25 25 25 25 24 24 24 24 24 24 24 24 24 24
